367;31
368;31
369;31
370;32
370;33
370;34
370;35
371;36
372;37
372;38
372;39
373;40
374;41
374;42
374;43
375;44
376;45
376;46
376;47
377;48
378;49
378;50
378;51
379;52
379;53
379;54
380;55
381;56
382;57
383;57
384;57
385;58
385;59
385;60
385;61
385;62
385;63
385;64
386;65
386;66
386;67
386;68
386;69
386;70
386;71
386;72
386;73
387;74
388;75
388;76
388;77
388;78
388;79
389;80
390;81
390;82
390;83
391;84
391;85
392;86
393;87
393;88
394;89
395;90
396;91
397;92
398;93
399;94
400;95
401;96
401;97
401;98
402;99
403;100
404;101
405;102
406;103
407;104
407;105
408;106
409;106
409;107
410;108
410;109
411;110
412;111
412;112
412;113
413;114
414;115
415;116
416;117
416;118
417;119
417;120
418;121
419;122
420;123
421;124
421;125
421;126
421;127
421;128
422;129
423;130
423;131
424;132
425;132
426;132
427;132
428;132
429;132
430;132
431;132
432;132
433;132
434;132
435;132
436;132
437;132
438;132
439;132
440;132
441;132
442;131
443;130
444;129
445;129
446;129
447;129
448;129
449;129
450;129
451;128
452;128
453;127
454;126
455;126
456;125
457;125
458;125
459;125
460;125
461;125
462;126
462;127
463;128
463;129
464;130
465;131
466;132
467;132
467;133
468;134
469;135
470;136
471;136
471;137
472;138
472;139
473;140
474;141
475;142
475;143
476;144
476;145
477;146
478;147
479;148
479;149
480;150
480;151
481;152
481;153
481;154
481;155
481;156
482;157
483;158
483;159
483;160
483;161
483;162
483;163
483;164
483;165
483;166
483;167
483;168
483;169
483;170
483;171
483;172
483;173
483;174
483;175
483;176
482;177
482;178
482;179
482;180
482;181
482;182
482;183
482;184
482;185
482;186
482;187
482;188
482;189
482;190
482;191
482;192
482;193
482;194
482;195
482;196
482;197
481;198
481;199
481;200
480;201
480;202
479;203
479;204
478;205
478;206
478;207
478;208
478;209
478;210
478;211
477;212
477;213
477;214
477;215
477;216
476;217
476;218
476;219
475;220
475;221
475;222
475;223
474;224
474;225
474;226
474;227
474;228
474;229
473;230
473;231
473;232
473;233
473;234
473;235
473;236
472;237
471;238
471;239
471;240
471;241
471;242
471;243
471;244
471;245
471;246
471;247
471;248
471;249
471;250
471;251
471;252
471;253
471;254
471;255
471;256
471;257
471;258
471;259
471;260
471;261
471;262
471;263
471;264
471;265
471;266
471;267
471;268
471;269
471;270
471;271
471;272
471;273
471;274
471;275
471;276
471;277
471;278
471;279
471;280
471;281
471;282
471;283
471;284
471;285
472;286
472;287
472;288
472;289
472;290
472;291
472;292
472;293
472;294
472;295
472;296
472;297
472;298
472;299
472;300
472;301
472;302
472;303
472;304
472;305
472;306
473;307
473;308
474;309
474;310
474;311
475;312
476;313
476;314
476;315
476;316
477;317
478;318
479;317
480;318
481;318
482;318
483;318
484;317
485;317
486;317
487;317
488;317
489;317
490;317
491;316
492;316
493;315
493;314
494;314
495;313
495;312
496;312
497;311
497;310
498;310
499;309
499;308
500;308
501;307
501;306
502;305
503;304
504;303
505;302
506;301
507;301
508;300
508;299
509;298
510;297
510;296
511;295
512;295
513;295
514;295
515;294
516;293
517;292
518;291
519;290
520;289
521;288
522;287
523;286
524;286
525;285
526;285
527;284
528;284
529;283
530;283
531;282
532;281
533;280
534;280
535;279
536;279
537;278
538;277
539;276
540;276
541;275
542;275
543;274
544;273
545;273
546;272
547;272
548;271
549;270
550;269
551;268
552;268
553;267
553;266
554;266
555;265
556;265
557;264
558;263
559;262
560;262
561;261
562;261
563;261
564;261
565;260
566;259
567;259
568;259
569;258
570;257
571;257
572;257
573;257
574;257
575;256
576;255
577;254
578;253
579;253
580;253
581;252
582;251
583;251
584;251
585;250
586;249
587;249
588;249
589;248
590;248
591;248
592;247
593;247
594;247
595;246
596;246
597;246
598;246
599;246
600;245
601;245
602;245
603;244
604;243
605;242
606;241
607;240
608;240
609;240
610;240
611;240
612;240
613;240
614;240
615;240
616;239
617;239
618;239
619;238
620;238
621;238
622;237
623;237
624;236
625;236
626;236
627;236
628;235
629;235
630;235
631;235
632;234
633;234
634;233
635;233
636;233
637;233
638;233
639;233
640;233
641;232
642;231
643;231
644;231
645;230
646;230
647;230
648;229
649;229
650;229
651;228
652;227
653;227
654;227
655;227
656;227
657;227
658;227
659;226
660;225
661;226
662;225
663;225
664;225
665;224
666;223
667;223
668;223
669;223
670;223
671;223
672;223
673;223
674;223
675;222
676;222
677;222
678;222
679;222
680;221
681;221
682;221
683;221
684;221
685;221
686;221
687;221
688;221
689;221
690;221
691;221
692;221
693;221
694;221
695;221
696;221
697;221
698;221
699;221
700;221
701;221
702;221
703;220
704;220
705;219
706;219
707;219
708;219
709;219
710;219
711;219
712;219
713;219
714;219
715;219
716;219
717;219
718;219
719;219
720;219
721;220
722;221
723;222
723;223
723;224
723;225
723;226
724;227
724;228
724;229
724;230
724;231
724;232
724;233
724;234
724;235
724;236
724;237
723;238
723;239
722;240
722;241
721;242
720;243
720;244
720;245
719;246
718;247
718;248
717;249
716;249
715;250
714;251
713;252
712;253
712;254
712;255
713;256
713;257
712;258
712;259
712;260
711;261
711;262
711;263
710;264
710;265
709;266
709;267
709;268
708;269
707;270
707;271
707;272
706;273
706;274
706;275
705;276
704;277
703;277
702;277
701;278
700;279
699;280
699;281
699;282
698;283
698;284
698;285
697;286
697;287
697;288
696;289
695;290
694;291
693;292
692;293
691;294
690;295
689;296
688;297
687;298
686;299
685;300
684;301
683;302
682;303
681;304
680;305
681;306
681;307
682;308
682;309
683;310
683;311
683;312
683;313
683;314
683;315
683;316
684;317
685;318
685;319
685;320
685;321
684;322
683;323
683;324
682;325
683;326
683;327
683;328
682;329
681;330
680;331
679;332
678;333
677;333
676;334
675;334
674;335
673;335
672;335
671;336
670;337
669;337
668;337
667;337
666;337
665;337
664;337
663;337
662;337
661;337
660;337
659;337
658;337
657;338
656;338
655;338
654;338
653;338
652;339
651;340
651;341
651;342
651;343
651;344
650;344
649;345
649;346
648;346
647;347
647;348
646;349
645;350
644;351
643;352
642;353
641;354
640;355
639;356
638;357
637;358
636;358
635;359
634;360
633;360
632;361
631;362
630;363
629;364
628;365
627;366
626;367
625;368
624;369
623;370
622;371
621;372
620;373
619;373
618;373
617;374
616;375
615;376
614;377
613;378
612;379
611;380
610;381
609;382
608;383
607;384
607;385
606;386
606;387
605;388
604;389
603;390
603;391
602;392
602;393
601;394
600;395
600;396
600;397
599;398
598;399
597;400
597;401
596;402
596;403
595;404
594;405
593;406
592;407
592;408
592;409
591;410
590;411
590;412
590;413
589;414
588;415
587;416
586;417
586;418
586;419
585;420
585;421
584;422
584;423
583;424
583;425
583;426
583;427
583;428
583;429
583;430
583;431
582;432
582;433
581;434
581;435
582;436
583;437
584;438
585;438
586;439
587;440
588;441
589;441
590;441
591;441
592;442
593;442
593;443
594;444
595;444
596;445
597;445
598;445
599;445
600;446
601;446
602;446
603;447
604;448
605;449
606;449
607;449
608;449
609;450
610;450
611;450
612;450
613;450
614;451
615;452
616;453
617;453
618;453
619;453
620;453
621;454
622;454
623;454
624;454
625;455
626;455
627;456
628;457
629;457
630;457
631;457
632;457
633;457
634;457
635;457
636;457
637;457
638;457
639;457
640;457
641;457
642;457
643;457
644;457
645;457
646;457
647;457
648;457
649;457
650;457
651;457
652;457
653;457
654;457
655;457
656;457
657;457
658;457
659;457
660;457
661;457
662;457
663;458
664;459
665;459
666;459
667;459
668;459
669;460
670;461
671;461
672;462
673;462
674;463
675;464
676;464
677;464
678;465
679;466
680;467
681;468
682;468
683;469
684;469
685;469
686;470
687;469
688;470
689;470
690;471
691;472
692;473
693;474
693;475
694;476
695;477
695;478
695;479
694;480
694;481
694;482
694;483
695;484
695;485
695;486
695;487
695;488
695;489
694;490
694;491
693;492
692;493
691;494
690;495
689;496
688;497
687;498
686;499
685;500
684;501
683;502
682;503
681;504
680;505
679;506
678;507
677;508
676;508
675;509
674;509
673;510
672;511
671;512
670;513
669;513
668;514
667;514
666;515
665;516
664;517
663;517
662;517
661;518
660;519
659;519
658;520
657;520
656;521
655;521
654;522
653;522
652;523
651;524
650;524
649;525
648;525
647;526
646;526
645;526
644;525
643;526
642;527
641;527
640;527
639;527
638;527
637;528
637;529
636;530
635;530
634;530
633;531
633;532
632;533
631;533
630;534
629;534
628;535
627;535
626;536
625;536
624;537
623;538
622;539
621;540
620;540
619;540
618;541
617;542
616;542
615;543
614;543
613;544
612;545
611;545
610;545
609;546
608;547
607;548
606;548
605;548
604;549
603;550
603;551
603;552
602;553
601;554
600;554
599;554
598;554
597;554
596;554
595;554
594;555
593;556
592;556
591;557
590;557
589;557
588;558
587;558
586;559
585;560
584;561
583;561
582;561
581;561
580;561
579;562
578;563
577;564
576;564
575;565
574;565
573;565
572;565
571;566
570;567
569;567
568;567
567;568
566;568
565;568
564;569
563;570
562;570
561;570
560;571
559;572
558;572
557;572
556;573
555;573
554;573
553;573
552;573
551;574
550;575
549;576
548;576
547;576
546;576
545;576
544;576
543;576
542;576
541;576
540;576
539;576
538;576
537;576
536;576
535;576
534;576
533;576
532;576
531;576
530;576
529;576
528;576
527;576
526;576
525;576
524;576
523;576
522;576
521;576
520;576
519;576
518;576
517;576
516;576
515;576
514;576
513;576
512;575
511;575
510;576
509;576
508;576
507;576
506;576
505;576
504;576
503;576
502;576
501;576
500;576
499;575
498;574
497;573
496;573
495;572
494;571
493;570
492;569
491;568
490;568
489;568
488;567
487;566
486;565
485;564
485;563
485;562
484;561
483;560
482;560
481;560
480;559
479;558
478;558
477;557
476;557
475;557
474;557
473;557
472;556
471;556
470;555
469;554
468;554
467;553
466;553
465;553
464;553
463;552
462;551
461;551
460;551
459;551
458;550
457;550
456;549
455;548
454;548
453;548
452;547
451;546
450;545
449;545
448;545
447;545
446;545
445;544
444;543
443;542
442;542
441;541
440;541
439;540
438;539
437;539
436;539
435;538
434;538
433;538
432;537
431;536
430;536
429;536
428;535
427;534
426;533
425;532
424;532
423;531
422;530
421;530
420;529
419;528
418;527
417;527
416;526
415;526
414;525
413;524
412;523
411;522
410;521
409;520
408;519
407;518
406;517
405;516
404;515
403;514
402;513
401;513
400;513
399;514
398;515
398;516
398;517
398;518
398;519
398;520
398;521
397;522
398;523
398;524
399;525
399;526
399;527
399;528
399;529
399;530
399;531
399;532
399;533
399;534
399;535
399;536
400;537
400;538
400;539
400;540
400;541
400;542
400;543
400;544
400;545
400;546
400;547
400;548
400;549
400;550
400;551
400;552
400;553
400;554
400;555
400;556
400;557
400;558
400;559
400;560
400;561
400;562
400;563
400;564
399;565
398;565
397;565
396;565
395;564
394;563
394;562
393;561
393;560
393;559
393;558
393;557
393;556
393;555
393;554
393;553
393;552
393;551
393;550
393;549
393;548
393;547
393;546
392;545
392;544
392;543
392;542
392;541
392;540
392;539
392;538
392;537
392;536
392;535
391;534
390;533
390;532
390;531
390;530
390;529
390;528
390;527
389;526
389;525
389;524
388;523
388;522
388;521
388;520
387;519
387;518
387;517
387;516
386;515
385;514
384;513
383;514
382;515
381;516
380;517
380;518
380;519
379;520
378;521
377;522
376;523
376;524
376;525
375;526
374;527
373;528
372;529
371;530
371;531
370;532
370;533
369;534
368;535
367;536
366;537
365;538
364;539
363;540
363;541
362;542
361;543
360;543
359;544
358;545
357;546
356;547
355;548
354;548
353;549
352;549
351;550
350;551
349;552
348;553
347;554
346;554
345;554
344;555
343;556
342;556
341;556
340;557
339;557
338;558
337;558
336;559
335;559
334;560
333;560
332;561
331;562
330;562
329;562
328;563
327;563
326;563
325;564
324;565
323;565
322;566
321;566
320;566
319;567
318;567
317;568
316;569
315;570
314;570
313;570
312;571
311;572
310;572
309;572
308;572
307;573
306;573
305;573
304;573
303;574
302;575
301;576
300;576
299;576
298;576
297;576
296;576
295;576
294;577
293;578
292;578
291;579
290;579
289;580
288;580
287;580
286;579
285;580
284;581
283;582
282;582
281;582
280;582
279;582
278;582
277;582
276;582
275;582
274;582
273;582
272;582
271;582
270;582
269;582
268;582
267;582
266;583
265;583
264;583
263;583
262;583
261;583
260;583
259;582
258;581
257;581
256;581
255;581
254;581
253;580
252;580
251;580
250;579
249;579
248;579
247;578
246;578
245;578
244;578
243;578
242;578
241;578
240;578
239;578
238;578
237;578
236;578
235;578
234;578
233;578
232;577
231;576
230;576
229;576
228;576
227;576
226;576
225;576
224;575
223;574
222;573
221;572
220;571
219;571
218;571
217;572
216;572
215;571
214;571
213;570
212;570
211;570
210;569
209;569
208;569
207;569
206;569
205;568
204;567
203;567
202;567
201;566
200;565
199;565
198;565
197;565
196;565
195;564
194;563
193;563
192;563
191;563
190;563
189;563
188;563
187;563
186;563
185;562
184;562
183;562
182;562
181;561
180;561
179;560
178;560
177;560
176;560
175;560
174;560
173;560
172;559
171;559
170;559
169;559
168;559
167;558
166;557
165;557
164;556
163;555
162;555
161;554
160;553
159;553
158;553
157;552
156;551
155;550
154;550
153;549
152;548
151;548
151;547
150;546
149;546
149;545
148;544
148;543
147;542
146;541
145;540
145;539
145;538
145;537
145;536
146;535
147;534
148;533
149;532
149;531
150;530
150;529
151;528
152;527
153;526
154;525
155;524
156;523
157;522
158;522
159;521
159;520
160;520
161;519
161;518
162;518
163;517
164;517
165;516
166;515
167;514
168;514
169;513
169;512
170;511
171;510
172;510
173;510
174;510
175;509
176;509
177;508
178;508
179;507
180;507
181;506
182;506
183;506
184;505
185;505
186;504
187;504
188;503
189;503
190;503
191;502
192;502
193;501
194;501
195;500
196;500
197;499
198;499
199;498
200;497
201;496
202;495
203;495
204;494
204;493
205;492
206;491
207;491
208;490
209;489
209;488
209;487
209;486
209;485
209;484
209;483
209;482
208;481
207;480
206;479
205;478
204;477
203;476
202;475
201;474
200;473
199;472
199;471
200;470
200;469
199;468
198;467
197;466
196;465
195;464
195;463
194;462
193;462
193;461
192;460
191;460
191;459
190;458
189;458
188;457
187;457
186;457
185;457
184;457
183;457
182;457
181;457
180;457
179;457
178;457
177;457
176;457
175;457
174;457
173;456
172;456
171;456
170;456
169;456
168;456
167;456
166;456
165;456
164;456
163;456
162;456
161;456
160;455
159;455
158;454
157;454
156;453
155;453
154;453
153;453
152;453
151;452
150;452
149;452
148;452
147;452
146;451
145;451
144;451
143;450
142;450
141;449
140;449
139;449
138;449
137;449
136;449
135;448
134;448
133;448
132;447
131;446
130;445
129;445
128;445
127;445
126;445
125;445
124;445
123;444
122;443
121;443
120;443
119;443
118;442
117;442
116;441
115;441
114;441
113;440
112;439
111;439
110;439
109;438
108;437
108;436
108;435
107;434
106;433
105;432
104;431
103;431
102;431
101;430
100;430
99;430
98;429
97;429
96;428
95;428
94;427
93;426
92;426
91;426
90;425
89;424
88;423
87;422
86;421
85;420
84;419
83;418
82;417
81;417
80;416
79;416
79;415
78;414
77;414
77;413
76;412
75;412
75;411
74;410
73;409
73;408
72;407
71;406
70;405
69;404
68;403
67;402
67;401
66;400
66;399
65;398
65;397
64;396
63;396
63;395
62;394
61;393
61;392
61;391
61;390
60;389
60;388
60;387
60;386
60;385
60;384
60;383
60;382
60;381
60;380
60;379
60;378
60;377
61;376
61;375
61;374
62;373
62;372
63;371
63;370
64;369
65;368
66;367
67;366
67;365
68;364
68;363
69;362
69;361
69;360
70;359
71;358
72;357
72;356
72;355
72;354
72;353
72;352
72;351
72;350
73;349
73;348
73;347
74;346
74;345
74;344
74;343
74;342
74;341
74;340
74;339
74;338
74;337
74;336
74;335
74;334
74;333
74;332
74;331
74;330
74;329
74;328
74;327
74;326
74;325
74;324
74;323
74;322
74;321
74;320
74;319
74;318
74;317
74;316
74;315
74;314
74;313
74;312
74;311
74;310
74;309
74;308
74;307
74;306
74;305
74;304
74;303
73;302
73;301
72;300
72;299
72;298
72;297
71;296
70;295
69;294
68;293
67;292
66;291
65;290
64;289
63;289
62;289
61;288
61;287
61;286
60;285
59;284
58;283
57;282
57;281
56;280
55;280
55;279
54;278
54;277
53;276
52;275
52;274
52;273
51;272
50;271
49;270
49;269
48;268
48;267
47;266
47;265
47;264
46;263
45;262
45;261
45;260
44;259
43;258
42;257
42;256
42;255
41;254
41;253
40;252
40;251
39;250
39;249
38;248
38;247
37;246
36;245
36;244
36;243
35;242
34;241
33;240
33;239
33;238
32;237
32;236
32;235
32;234
31;233
31;232
30;231
30;230
30;229
30;228
30;227
30;226
30;225
31;224
32;223
33;223
34;223
35;222
36;222
37;222
38;222
39;222
40;222
41;222
42;222
43;222
44;222
45;223
46;223
47;223
48;223
49;223
50;224
51;224
52;225
53;225
54;225
55;225
56;225
57;226
58;226
59;226
60;226
61;226
62;226
63;226
64;227
65;227
66;227
67;227
68;227
69;227
70;227
71;227
72;227
73;227
74;227
75;228
76;228
77;228
78;229
79;229
80;229
81;229
82;229
83;229
84;229
85;229
86;229
87;229
88;229
89;229
90;229
91;229
92;229
93;229
94;229
95;229
96;230
97;230
98;230
99;230
100;230
101;231
102;231
103;231
104;231
105;232
106;232
107;232
108;232
109;232
110;233
111;234
112;235
113;235
114;235
115;236
116;237
117;238
118;238
119;238
120;239
121;240
122;240
123;240
124;241
125;241
126;242
127;242
128;243
129;244
130;244
131;244
132;244
133;244
134;245
135;245
136;246
137;246
138;246
139;246
140;246
141;246
142;246
143;246
144;246
145;247
146;247
147;247
148;247
149;247
150;247
151;247
152;247
153;247
154;247
155;248
156;249
157;249
158;249
159;250
160;250
161;250
162;250
163;250
164;251
165;252
166;252
167;252
168;252
169;252
170;253
171;253
172;253
173;253
174;254
174;255
175;256
176;257
177;258
178;258
179;258
180;257
181;257
182;257
183;258
184;258
185;259
186;259
187;260
188;260
189;260
190;261
191;262
192;263
193;264
194;265
195;266
196;267
197;268
198;268
199;269
200;270
201;270
201;271
202;272
203;272
204;273
205;274
206;275
207;276
208;277
209;278
210;279
211;279
212;279
213;280
214;281
215;282
216;283
217;284
218;284
219;285
220;285
221;286
222;287
223;287
224;287
225;288
226;289
227;290
228;291
229;292
230;293
231;293
232;294
233;294
233;295
234;296
235;296
236;297
237;298
238;299
239;299
240;299
241;300
242;301
243;302
244;302
245;303
246;303
247;304
248;305
249;306
250;307
251;307
252;307
253;308
254;309
255;309
256;310
257;310
257;311
258;312
259;312
260;313
261;314
262;315
263;315
264;315
265;315
266;315
267;315
268;315
269;315
270;315
271;314
272;313
273;312
274;311
275;310
276;309
277;308
277;307
278;306
278;305
279;304
279;303
279;302
279;301
280;300
280;299
280;298
280;297
280;296
280;295
280;294
281;293
281;292
281;291
281;290
281;289
281;288
281;287
281;286
281;285
281;284
281;283
281;282
281;281
281;280
281;279
281;278
281;277
281;276
281;275
281;274
281;273
281;272
281;271
281;270
281;269
281;268
281;267
281;266
281;265
281;264
280;263
280;262
280;261
280;260
280;259
279;258
279;257
278;256
278;255
278;254
278;253
278;252
278;251
277;250
276;249
276;248
276;247
276;246
276;245
276;244
276;243
276;242
276;241
276;240
276;239
276;238
276;237
276;236
275;235
275;234
275;233
275;232
274;231
274;230
274;229
274;228
274;227
274;226
273;225
273;224
272;223
271;222
271;221
271;220
271;219
271;218
271;217
271;216
270;215
270;214
270;213
270;212
270;211
270;210
269;209
269;208
269;207
269;206
269;205
269;204
268;203
267;202
267;201
267;200
267;199
267;198
266;197
266;196
266;195
266;194
266;193
266;192
266;191
266;190
266;189
266;188
266;187
266;186
266;185
266;184
266;183
266;182
266;181
266;180
266;179
266;178
266;177
265;176
264;175
263;174
263;173
263;172
262;171
262;170
262;169
262;168
262;167
262;166
262;165
262;164
262;163
262;162
262;161
262;160
262;159
262;158
262;157
262;156
262;155
262;154
262;153
262;152
262;151
262;150
262;149
262;148
262;147
262;146
262;145
262;144
262;143
262;142
262;141
262;140
262;139
263;138
263;137
263;136
264;135
264;134
264;133
265;132
266;131
266;130
266;129
266;128
266;127
267;126
268;125
268;124
268;123
269;122
269;121
269;120
269;119
270;118
271;117
271;116
272;115
273;114
274;113
275;113
276;113
277;113
278;113
279;113
280;113
281;113
282;113
283;113
284;112
285;112
286;112
287;112
288;112
289;112
290;112
291;112
292;112
293;112
294;113
295;113
296;113
297;113
298;113
299;113
300;113
301;113
302;113
303;113
304;113
305;113
306;113
307;113
308;113
309;113
310;113
311;113
312;113
313;113
314;112
315;112
316;111
317;110
318;109
319;108
320;108
321;107
321;106
322;105
323;104
323;103
323;102
324;101
325;100
325;99
325;98
326;97
326;96
326;95
327;94
328;93
328;92
328;91
329;90
329;89
329;88
330;87
331;86
332;85
333;84
334;83
335;82
336;81
336;80
336;79
337;78
338;77
339;76
340;75
341;74
342;73
343;72
344;71
345;70
346;69
347;68
347;67
347;66
348;65
348;64
348;63
348;62
348;61
349;60
350;59
351;58
352;57
352;56
352;55
352;54
352;53
353;52
353;51
353;50
354;49
355;48
355;47
355;46
356;45
357;44
357;43
358;42
358;41
359;40
360;39
361;38
362;37
363;36
364;35
365;34
366;33
367;32
368;31